7.515636682510375977e-01
-3.522019088268280029e-01
-7.978627085685729980e-01
-1.605302453041076660e+00
4.913603067398071289e-01
3.448815345764160156e-01
2.561658024787902832e-01
3.193485736846923828e-01
6.192177534103393555e-01
7.841430902481079102e-01
1.114185214042663574e+00
2.510965764522552490e-01
1.147256791591644287e-02
-9.510036706924438477e-01
-1.302904844284057617e+00
-8.330389857292175293e-02
-3.545280992984771729e-01
9.361599385738372803e-02
-6.160818934440612793e-01
-1.284955978393554688e+00
1.082780241966247559e+00
-3.503019511699676514e-01
-1.931684613227844238e-01
-2.287384986877441406e+00
-8.544804155826568604e-02
1.228720664978027344e+00
-5.852783918380737305e-01
4.609944224357604980e-01
8.800993859767913818e-02
1.059210062026977539e+00
6.411065161228179932e-02
1.886000990867614746e+00
4.420306980609893799e-01
-1.590512156486511230e+00
-9.307647943496704102e-01
1.454321891069412231e-01
6.837534904479980469e-02
4.247081577777862549e-01
6.252657175064086914e-01
-1.517253041267395020e+00
7.513051033020019531e-01
2.584899961948394775e-01
-9.700392484664916992e-01
-8.299009203910827637e-01
-4.402250945568084717e-01
7.877237200736999512e-01
-9.798344373703002930e-01
5.956311225891113281e-01
-1.667466640472412109e+00
1.183574676513671875e+00
5.194402933120727539e-01
-4.752512574195861816e-01
-2.348571419715881348e-01
1.236037611961364746e+00
6.198256611824035645e-01
-4.894951581954956055e-01
-4.147478640079498291e-01
-8.115301728248596191e-01
1.157272934913635254e+00
-1.988066315650939941e+00
-1.493494629859924316e+00
-1.304144144058227539e+00
9.017260670661926270e-01
5.090875625610351562e-01
1.523994207382202148e+00
-2.157263755798339844e+00
-1.962899446487426758e+00
-1.203087449073791504e+00
-7.682919502258300781e-02
-2.287005186080932617e+00
-2.055855274200439453e+00
8.535691499710083008e-01
-1.503301858901977539e+00
-8.203343749046325684e-01
-1.977730244398117065e-01
-5.276929140090942383e-01
-1.227360606193542480e+00
-9.380966424942016602e-02
1.426898241043090820e+00
-8.079841732978820801e-01
-8.474266529083251953e-02
-4.410625696182250977e-01
-8.920346498489379883e-01
-1.659629106521606445e+00
-9.571137428283691406e-01
-4.602593183517456055e-01
-1.176886558532714844e+00
1.900238990783691406e+00
5.687377452850341797e-01
1.048955321311950684e+00
-1.279445737600326538e-02
2.627947330474853516e-01
1.993486732244491577e-01
-8.022408187389373779e-02
1.346852421760559082e+00
6.650553941726684570e-01
1.458709120750427246e+00
-1.643636941909790039e+00
2.972076535224914551e-01
-1.806222081184387207e+00
8.221838474273681641e-01
1.338155269622802734e-01
1.628779321908950806e-01
-1.317019581794738770e+00
-1.698053598403930664e+00
1.683350324630737305e+00
4.389086663722991943e-01
-2.612737119197845459e-01
1.865850329399108887e+00
3.179866671562194824e-01
5.460436344146728516e-01
-3.606414794921875000e-01
-8.491272926330566406e-01
4.280950427055358887e-01
2.026697635650634766e+00
3.818284273147583008e-01
2.267456650733947754e-01
-5.424614548683166504e-01
4.760094881057739258e-01
-4.137706756591796875e-01
-1.736406683921813965e+00
1.213191866874694824e+00
1.426578044891357422e+00
4.224516451358795166e-01
-9.297921657562255859e-01
3.192089796066284180e-01
1.995114684104919434e-01
-4.351075887680053711e-01
