1.354534864425659180e+00
-7.236493825912475586e-01
-7.796621322631835938e-01
-9.445124268531799316e-01
7.412266731262207031e-01
4.515117704868316650e-01
5.804553031921386719e-01
3.316488862037658691e-01
8.779463768005371094e-01
9.339916706085205078e-01
1.068827629089355469e+00
-1.849175393581390381e-01
-4.010071605443954468e-02
-8.473763465881347656e-01
-2.048401832580566406e+00
1.395883560180664062e-01
5.853027105331420898e-01
-3.041109144687652588e-01
-6.540179848670959473e-01
-1.453421473503112793e+00
7.745852470397949219e-01
1.759736239910125732e-01
-3.676444888114929199e-01
-2.760005235671997070e+00
6.377654615789651871e-03
1.023520231246948242e+00
-3.325168192386627197e-01
4.716475605964660645e-01
2.532363533973693848e-01
1.178522944450378418e+00
-3.888448774814605713e-01
1.757023453712463379e+00
-4.672564566135406494e-01
-1.773406147956848145e+00
-9.476491808891296387e-01
5.226169228553771973e-01
4.075692221522331238e-02
8.270573616027832031e-01
-1.911281049251556396e-02
-1.630111455917358398e+00
5.507290959358215332e-01
3.340752720832824707e-01
-9.843680858612060547e-01
-4.326980412006378174e-01
-1.454382836818695068e-01
4.859898686408996582e-01
-7.758998274803161621e-01
2.915889322757720947e-01
-1.386443972587585449e+00
1.027368783950805664e+00
3.001267015933990479e-01
-5.125304460525512695e-01
-9.452373981475830078e-01
9.777940511703491211e-01
3.447597920894622803e-01
-7.232545018196105957e-01
-8.719277381896972656e-02
-7.760697007179260254e-01
9.390549659729003906e-01
-1.914198279380798340e+00
-2.029331922531127930e+00
-1.056935191154479980e+00
1.477038025856018066e+00
6.254134774208068848e-01
1.324934124946594238e+00
-1.278185963630676270e+00
-1.867869138717651367e+00
-6.277617812156677246e-01
-3.101787567138671875e-01
-2.107957124710083008e+00
-1.895738959312438965e+00
9.809409379959106445e-01
-1.650749444961547852e+00
-1.040629744529724121e+00
5.706327557563781738e-01
4.088189080357551575e-02
-1.684506773948669434e+00
1.334552317857742310e-01
1.401665568351745605e+00
-6.057736277580261230e-01
-1.960119903087615967e-01
3.977604210376739502e-04
-9.521141052246093750e-01
-2.052165031433105469e+00
-1.543824195861816406e+00
-4.726878702640533447e-01
-1.578180193901062012e+00
1.476144194602966309e+00
5.253797769546508789e-01
8.538465499877929688e-01
6.094486117362976074e-01
2.973814010620117188e-01
4.336742758750915527e-01
-3.405245244503021240e-01
1.264099001884460449e+00
7.944123148918151855e-01
1.263582110404968262e+00
-1.325096964836120605e+00
4.793367981910705566e-01
-1.304896354675292969e+00
9.732999205589294434e-01
3.956656754016876221e-01
-2.679635286331176758e-01
-1.769007086753845215e+00
-1.280133605003356934e+00
1.788726687431335449e+00
3.166050910949707031e-01
-3.722164928913116455e-01
1.648787498474121094e+00
-9.414006024599075317e-03
5.580863952636718750e-01
-1.140891611576080322e-01
-4.976103007793426514e-01
4.488579332828521729e-01
1.841511249542236328e+00
2.028165459632873535e-01
-2.020317614078521729e-01
-5.163865685462951660e-01
9.124049544334411621e-02
-2.566224932670593262e-01
-1.442973136901855469e+00
1.147160530090332031e+00
1.315312266349792480e+00
9.557893127202987671e-02
-7.042461037635803223e-01
3.806155920028686523e-01
1.429881751537322998e-01
-9.495413899421691895e-01
